M,0.52,0.4,0.145,0.7765,0.3525,0.1845,0.185
I,0.52,0.38,0.135,0.5395,0.2295,0.133,0.157
I,0.52,0.38,0.125,0.5545,0.288,0.1295,0.167
F,0.52,0.46,0.15,1.019,0.523,0.1985,0.254
I,0.525,0.4,0.13,0.6455,0.325,0.1245,0.17
I,0.525,0.4,0.14,0.601,0.2625,0.1285,0.1835
M,0.525,0.405,0.12,0.7555,0.3755,0.1555,0.201
I,0.525,0.395,0.12,0.608,0.297,0.1395,0.1405
I,0.53,0.4,0.125,0.617,0.279,0.127,0.19
I,0.535,0.39,0.125,0.599,0.2595,0.149,0.169
I,0.54,0.42,0.14,0.6665,0.3125,0.138,0.1895
M,0.545,0.39,0.135,0.7835,0.4225,0.1815,0.156
M,0.545,0.41,0.12,0.793,0.434,0.1405,0.19
M,0.545,0.415,0.14,0.82,0.4615,0.127,0.218
F,0.55,0.415,0.135,0.8145,0.427,0.1855,0.175
F,0.55,0.43,0.15,0.84,0.395,0.195,0.223
M,0.55,0.425,0.15,0.8315,0.411,0.1765,0.2165
M,0.56,0.43,0.145,0.8995,0.464,0.1775,0.234
M,0.56,0.445,0.16,0.8965,0.42,0.2175,0.2215
F,0.56,0.44,0.155,0.6405,0.336,0.1765,0.245
M,0.56,0.415,0.145,0.852,0.43,0.1885,0.205
M,0.565,0.455,0.15,0.9595,0.4565,0.2395,0.23
M,0.565,0.435,0.15,0.99,0.5795,0.1825,0.206
F,0.565,0.45,0.175,1.0095,0.447,0.2375,0.2645
M,0.57,0.46,0.15,1.0375,0.5415,0.2035,0.25
F,0.57,0.445,0.145,0.8775,0.412,0.217,0.22
I,0.57,0.44,0.15,0.755,0.3425,0.16,0.224
F,0.575,0.46,0.145,0.9945,0.466,0.229,0.265
F,0.575,0.45,0.16,1.068,0.556,0.214,0.2575
M,0.575,0.435,0.14,0.8455,0.401,0.191,0.222
F,0.575,0.47,0.165,0.869,0.435,0.197,0.238
M,0.575,0.455,0.135,0.907,0.4245,0.197,0.26
I,0.575,0.435,0.13,0.805,0.3155,0.2155,0.245
M,0.575,0.445,0.17,1.0225,0.549,0.2175,0.228
M,0.575,0.445,0.145,0.847,0.415,0.1945,0.22
M,0.58,0.455,0.15,1.114,0.4765,0.2155,0.265
M,0.58,0.455,0.195,1.859,0.945,0.426,0.441
M,0.58,0.445,0.135,0.814,0.3775,0.1915,0.22
M,0.58,0.45,0.14,0.9615,0.486,0.1815,0.253
M,0.58,0.45,0.145,1.0025,0.547,0.1975,0.2295
F,0.58,0.45,0.155,0.93,0.385,0.246,0.265
M,0.585,0.46,0.145,0.9335,0.478,0.1825,0.235
M,0.585,0.465,0.16,0.9555,0.4595,0.236,0.265
M,0.59,0.47,0.15,0.9955,0.481,0.232,0.24
F,0.6,0.475,0.16,1.0265,0.485,0.2495,0.2565
M,0.6,0.455,0.17,1.1915,0.696,0.2395,0.24
F,0.6,0.465,0.15,1.1025,0.5455,0.262,0.25
M,0.6,0.465,0.155,1.0165,0.512,0.2465,0.225
F,0.605,0.47,0.165,1.1775,0.611,0.2275,0.292
M,0.605,0.475,0.14,1.1175,0.555,0.257,0.274
M,0.605,0.48,0.17,1.1835,0.582,0.2365,0.317
F,0.605,0.475,0.165,1.056,0.433,0.2195,0.357
M,0.61,0.485,0.16,1.0145,0.5315,0.212,0.2415
M,0.61,0.485,0.145,1.3305,0.783,0.2255,0.2865
M,0.61,0.47,0.165,1.052,0.498,0.242,0.267
M,0.615,0.46,0.17,1.0565,0.4815,0.272,0.27
F,0.615,0.465,0.15,0.923,0.4615,0.1825,0.2415
F,0.615,0.475,0.155,1.027,0.447,0.25,0.285
M,0.62,0.47,0.135,1.0195,0.5315,0.2005,0.2475
M,0.62,0.45,0.2,0.858,0.4285,0.1525,0.2405
F,0.62,0.48,0.16,1.1125,0.5635,0.2445,0.281
F,0.625,0.485,0.175,1.3745,0.7335,0.2715,0.332
M,0.625,0.48,0.185,1.2065,0.587,0.29,0.286
M,0.63,0.47,0.155,1.1325,0.589,0.211,0.287
M,0.63,0.5,0.175,1.2645,0.5635,0.3065,0.3425
F,0.635,0.495,0.015,1.1565,0.5115,0.308,0.2885
M,0.64,0.515,0.165,1.369,0.632,0.3415,0.358
M,0.645,0.53,0.195,1.39,0.6465,0.2945,0.3735
F,0.645,0.48,0.17,1.1345,0.528,0.254,0.305
F,0.65,0.5,0.19,1.464,0.6415,0.339,0.4245
M,0.65,0.5,0.155,1.202,0.565,0.3135,0.294
M,0.655,0.515,0.16,1.31,0.553,0.369,0.345
F,0.655,0.51,0.175,1.415,0.5885,0.3725,0.364
F,0.66,0.53,0.185,1.346,0.546,0.2705,0.476
M,0.665,0.525,0.16,1.363,0.629,0.279,0.34
I,0.665,0.5,0.17,1.2975,0.6035,0.291,0.3595
F,0.67,0.505,0.205,1.3645,0.6075,0.3025,0.353
F,0.685,0.54,0.215,1.7025,0.664,0.3655,0.4735
M,0.685,0.52,0.165,1.519,0.699,0.3685,0.4
F,0.69,0.54,0.155,1.454,0.624,0.3105,0.39
M,0.69,0.53,0.21,1.583,0.7355,0.405,0.3865
F,0.69,0.53,0.17,1.5535,0.7945,0.3485,0.3695
M,0.695,0.56,0.185,1.74,0.885,0.3715,0.4375
M,0.7,0.565,0.18,1.751,0.895,0.3355,0.446
M,0.7,0.575,0.19,2.273,1.095,0.418,0.638
F,0.7,0.525,0.19,1.6465,0.8545,0.307,0.3995
F,0.705,0.55,0.17,1.219,0.6395,0.236,0.301
F,0.71,0.56,0.18,1.652,0.735,0.381,0.4525
M,0.715,0.55,0.19,2.0045,1.0465,0.407,0.5075
M,0.715,0.535,0.19,1.6755,0.889,0.313,0.42
F,0.72,0.58,0.195,2.103,1.0265,0.48,0.5375
F,0.72,0.55,0.2,1.9965,0.9035,0.469,0.5215
M,0.72,0.565,0.145,1.187,0.691,0.1945,0.2685
M,0.725,0.505,0.185,1.978,1.026,0.4255,0.4505
F,0.73,0.575,0.185,1.8795,0.931,0.38,0.4825
M,0.735,0.585,0.185,2.124,0.952,0.55,0.5
M,0.745,0.565,0.215,1.931,0.896,0.4585,0.5
F,0.75,0.57,0.21,2.236,1.109,0.5195,0.545
F,0.755,0.625,0.21,2.505,1.1965,0.513,0.6785
M,0.755,0.58,0.205,2.0065,0.8295,0.4015,0.595
F,0.78,0.63,0.215,2.657,1.488,0.4985,0.586
I,0.185,0.375,0.12,0.4645,0.196,0.1045,0.15
I,0.245,0.205,0.06,0.0765,0.034,0.014,0.0215
I,0.25,0.185,0.065,0.0685,0.0295,0.014,0.0225
I,0.25,0.19,0.065,0.0835,0.039,0.015,0.025
I,0.275,0.195,0.09,0.1125,0.0545,0.0295,0.0355
I,0.305,0.215,0.065,0.1075,0.044,0.0205,0.038
I,0.31,0.225,0.07,0.1055,0.435,0.015,0.04
I,0.315,0.23,0.08,0.1375,0.0545,0.031,0.0445
I,0.315,0.23,0.07,0.1145,0.046,0.0235,0.0385
I,0.325,0.225,0.075,0.139,0.0565,0.032,0.09
I,0.33,0.25,0.095,0.2085,0.102,0.0395,0.052
I,0.33,0.205,0.095,0.1595,0.077,0.032,0.0435
I,0.335,0.245,0.09,0.2015,0.096,0.0405,0.048
I,0.34,0.25,0.09,0.179,0.0775,0.033,0.055
I,0.345,0.255,0.095,0.1945,0.0925,0.037,0.055
I,0.345,0.255,0.085,0.2005,0.105,0.037,0.05
I,0.35,0.27,0.075,0.215,0.1,0.036,0.065
I,0.35,0.255,0.09,0.1785,0.0855,0.0305,0.0525
I,0.36,0.27,0.085,0.196,0.0875,0.035,0.064
I,0.365,0.27,0.085,0.1875,0.081,0.042,0.058
I,0.365,0.27,0.085,0.196,0.0825,0.0375,0.06
I,0.365,0.265,0.085,0.213,0.0945,0.049,0.06
I,0.37,0.29,0.09,0.2445,0.089,0.0655,0.075
I,0.37,0.28,0.085,0.217,0.1095,0.035,0.062
I,0.375,0.29,0.095,0.213,0.096,0.041,0.061
I,0.375,0.29,0.085,0.2385,0.118,0.045,0.0695
I,0.375,0.275,0.09,0.218,0.093,0.0405,0.0755
I,0.375,0.275,0.095,0.2465,0.11,0.0415,0.0775
I,0.375,0.28,0.08,0.2025,0.0825,0.048,0.065
I,0.375,0.27,0.085,0.218,0.0945,0.039,0.07
I,0.38,0.275,0.11,0.256,0.11,0.0535,0.0755
I,0.38,0.27,0.08,0.2105,0.0865,0.042,0.07
I,0.385,0.29,0.09,0.2615,0.111,0.0595,0.0745
I,0.385,0.28,0.085,0.2175,0.097,0.038,0.067
I,0.385,0.3,0.095,0.302,0.152,0.0615,0.0735
I,0.385,0.28,0.09,0.228,0.1025,0.042,0.0655
I,0.39,0.3,0.095,0.3265,0.1665,0.0575,0.089
I,0.395,0.305,0.105,0.284,0.1135,0.0595,0.0945
I,0.395,0.295,0.095,0.2725,0.115,0.0625,0.085
I,0.395,0.27,0.1,0.2985,0.1445,0.061,0.082
I,0.4,0.29,0.1,0.2675,0.1205,0.0605,0.0765
I,0.405,0.285,0.09,0.2645,0.1265,0.0505,0.075
I,0.41,0.335,0.11,0.33,0.157,0.0705,0.17
I,0.42,0.305,0.09,0.328,0.168,0.0615,0.082
I,0.425,0.325,0.11,0.3335,0.173,0.045,0.1
I,0.425,0.32,0.1,0.3055,0.126,0.06,0.106
I,0.425,0.31,0.09,0.301,0.1385,0.065,0.08
I,0.43,0.34,0,0.428,0.2065,0.086,0.115
I,0.43,0.315,0.095,0.378,0.175,0.08,0.1045
I,0.435,0.315,0.11,0.3685,0.1615,0.0715,0.12
I,0.44,0.34,0.12,0.438,0.2115,0.083,0.12
I,0.45,0.33,0.105,0.448,0.208,0.089,0.12
I,0.455,0.345,0.105,0.4005,0.164,0.0755,0.126
F,0.455,0.365,0.115,0.4305,0.184,0.108,0.1245
I,0.455,0.33,0.1,0.372,0.358,0.0775,0.11
I,0.46,0.36,0.105,0.466,0.2225,0.099,0.11
I,0.46,0.35,0.105,0.3705,0.1575,0.077,0.114
F,0.46,0.365,0.125,0.4785,0.206,0.1045,0.141
I,0.465,0.34,0.11,0.346,0.1425,0.073,0.113
I,0.47,0.365,0.1,0.411,0.175,0.0855,0.135
I,0.47,0.355,0.18,0.48,0.2055,0.105,0.1505
I,0.47,0.355,0.12,0.393,0.167,0.0885,0.115
I,0.475,0.355,0.1,0.5035,0.2535,0.091,0.14
I,0.475,0.38,0.12,0.441,0.1785,0.0885,0.1505
I,0.475,0.36,0.11,0.492,0.211,0.11,0.15
I,0.48,0.37,0.125,0.5435,0.244,0.101,0.165
I,0.48,0.355,0.115,0.4725,0.2065,0.112,0.132
I,0.48,0.365,0.1,0.461,0.2205,0.0835,0.135
I,0.495,0.355,0.12,0.4965,0.214,0.1045,0.1495
I,0.495,0.38,0.13,0.5125,0.2185,0.116,0.16
M,0.495,0.395,0.12,0.553,0.224,0.1375,0.167
I,0.5,0.38,0.135,0.594,0.2945,0.104,0.1565
M,0.5,0.42,0.135,0.6765,0.302,0.1415,0.2065
I,0.5,0.375,0.145,0.5795,0.239,0.1375,0.185
I,0.5,0.41,0.14,0.6615,0.2585,0.1625,0.196
I,0.5,0.375,0.125,0.5695,0.259,0.124,0.157
I,0.5,0.395,0.14,0.6215,0.2925,0.1205,0.195
I,0.505,0.405,0.13,0.6015,0.3015,0.11,0.18
I,0.505,0.38,0.12,0.594,0.2595,0.1435,0.18
I,0.505,0.395,0.105,0.551,0.248,0.103,0.171
I,0.515,0.38,0.12,0.625,0.3265,0.1295,0.16
I,0.515,0.42,0.135,0.711,0.337,0.144,0.205
I,0.515,0.4,0.135,0.6965,0.32,0.1255,0.175
I,0.52,0.4,0.13,0.5825,0.233,0.1365,0.18
I,0.52,0.395,0.125,0.663,0.3005,0.131,0.1905
I,0.525,0.4,0.125,0.6965,0.369,0.1385,0.164
M,0.525,0.42,0.155,0.842,0.428,0.1415,0.2045
I,0.53,0.415,0.13,0.694,0.3905,0.111,0.167
I,0.53,0.42,0.155,0.81,0.4725,0.111,0.192
I,0.53,0.415,0.11,0.5745,0.2525,0.1235,0.189
I,0.53,0.425,0.13,0.7675,0.419,0.1205,0.21
I,0.535,0.4,0.135,0.6025,0.2895,0.121,0.154
I,0.535,0.415,0.15,0.5765,0.3595,0.135,0.225
F,0.535,0.41,0.13,0.7145,0.335,0.144,0.2075
M,0.535,0.435,0.15,0.717,0.3475,0.1445,0.194
F,0.54,0.42,0.145,0.8655,0.4315,0.163,0.2175
I,0.54,0.42,0.14,0.7265,0.3205,0.1445,0.229
I,0.545,0.435,0.135,0.7715,0.372,0.148,0.227
F,0.545,0.445,0.15,0.8,0.3535,0.163,0.207
I,0.545,0.43,0.15,0.7285,0.302,0.1315,0.2545
I,0.545,0.405,0.135,0.5945,0.27,0.1185,0.185
I,0.55,0.43,0.145,0.7895,0.3745,0.171,0.223
F,0.55,0.405,0.125,0.651,0.2965,0.137,0.2
M,0.55,0.43,0.15,0.8745,0.413,0.1905,0.248
I,0.55,0.435,0.14,0.7535,0.3285,0.1555,0.2325
I,0.55,0.425,0.135,0.7305,0.3325,0.1545,0.215
M,0.555,0.44,0.14,0.8705,0.407,0.156,0.255
I,0.555,0.43,0.155,0.7395,0.3135,0.1435,0.28
I,0.555,0.43,0.14,0.7665,0.341,0.165,0.23
I,0.555,0.425,0.145,0.7905,0.3485,0.1765,0.225
I,0.56,0.425,0.135,0.8205,0.3715,0.185,0.236
I,0.56,0.425,0.145,0.688,0.3095,0.1305,0.2165
F,0.56,0.445,0.155,1.224,0.5565,0.3225,0.2695
I,0.56,0.455,0.145,0.974,0.547,0.1615,0.235
I,0.565,0.44,0.175,0.8735,0.414,0.21,0.21
F,0.565,0.45,0.145,0.8495,0.4215,0.1685,0.225
M,0.565,0.445,0.15,0.796,0.3635,0.184,0.219
M,0.565,0.39,0.125,0.744,0.352,0.13,0.1685
I,0.57,0.45,0.145,0.751,0.2825,0.2195,0.2215
I,0.57,0.45,0.135,0.794,0.3815,0.1415,0.245
F,0.57,0.46,0.135,0.9795,0.397,0.2525,0.2655
M,0.57,0.435,0.17,0.873,0.382,0.183,0.2705
I,0.57,0.44,0.13,0.7665,0.347,0.1785,0.202
M,0.57,0.435,0.125,0.8965,0.383,0.1835,0.275
F,0.575,0.42,0.135,0.857,0.461,0.147,0.2125
F,0.575,0.48,0.165,1.078,0.511,0.2095,0.306
M,0.575,0.46,0.155,0.892,0.4415,0.176,0.22
M,0.58,0.46,0.155,1.4395,0.6715,0.273,0.2955
M,0.58,0.455,0.135,0.7955,0.405,0.167,0.204
F,0.58,0.445,0.15,0.858,0.4,0.156,0.253
M,0.585,0.465,0.155,0.9145,0.4555,0.1965,0.235
M,0.585,0.49,0.185,1.171,0.522,0.2535,0.335
I,0.585,0.475,0.16,1.0505,0.48,0.234,0.285
M,0.585,0.46,0.165,1.1135,0.5825,0.2345,0.274
M,0.585,0.47,0.165,1.409,0.8,0.229,0.295
M,0.585,0.475,0.15,1.065,0.5315,0.199,0.2885
M,0.585,0.45,0.18,0.7995,0.336,0.1855,0.237
I,0.59,0.445,0.135,0.7715,0.328,0.1745,0.23
M,0.59,0.47,0.18,1.187,0.5985,0.227,0.31
M,0.59,0.455,0.155,0.8855,0.388,0.188,0.275
F,0.595,0.465,0.15,0.98,0.4115,0.196,0.2255
F,0.595,0.465,0.155,1.026,0.4645,0.112,0.305
M,0.6,0.475,0.17,1.1315,0.508,0.272,0.309
M,0.6,0.48,0.155,1.014,0.451,0.1885,0.325
I,0.6,0.475,0.15,1.12,0.565,0.2465,0.27
F,0.6,0.465,0.155,1.04,0.4755,0.25,0.28
F,0.6,0.455,0.145,0.8895,0.419,0.1715,0.269
M,0.6,0.46,0.155,0.9595,0.4455,0.189,0.295
I,0.605,0.485,0.15,1.238,0.6315,0.226,0.33
M,0.605,0.49,0.14,0.9755,0.419,0.206,0.315
I,0.605,0.435,0.13,0.9025,0.432,0.174,0.26
F,0.605,0.475,0.175,1.076,0.463,0.2195,0.335
F,0.605,0.47,0.16,1.0835,0.5405,0.2215,0.275
M,0.61,0.45,0.15,0.871,0.407,0.1835,0.25
M,0.61,0.48,0.165,1.244,0.6345,0.257,0.305
M,0.61,0.475,0.17,1.0265,0.435,0.2335,0.3035
I,0.61,0.465,0.15,0.9605,0.4495,0.1725,0.286
M,0.61,0.48,0.17,1.137,0.4565,0.29,0.347
M,0.61,0.46,0.16,1,0.494,0.197,0.275
F,0.615,0.475,0.155,1.004,0.4475,0.193,0.2895
M,0.615,0.47,0.165,1.128,0.4465,0.2195,0.34
M,0.615,0.5,0.17,1.054,0.4845,0.228,0.295
F,0.615,0.475,0.165,1.023,0.4905,0.1955,0.3035
M,0.615,0.475,0.17,1.129,0.4795,0.302,0.3
M,0.615,0.48,0.175,1.118,0.446,0.3195,0.3
F,0.615,0.475,0.155,1.115,0.484,0.2115,0.355
M,0.62,0.51,0.175,1.2815,0.5715,0.2385,0.39
M,0.62,0.495,0.18,1.2555,0.5765,0.254,0.355
F,0.62,0.5,0.15,1.293,0.596,0.3135,0.354
F,0.62,0.475,0.16,1.1295,0.463,0.2685,0.33
M,0.625,0.455,0.17,1.082,0.4955,0.2345,0.315
F,0.625,0.505,0.175,1.15,0.5475,0.256,0.3045
F,0.625,0.515,0.16,1.264,0.5715,0.326,0.321
F,0.625,0.48,0.155,1.2035,0.5865,0.239,0.3185
F,0.63,0.485,0.17,1.3205,0.5945,0.345,0.345
I,0.63,0.505,0.18,1.272,0.6025,0.295,0.315
M,0.63,0.485,0.145,1.062,0.5065,0.1785,0.3365
I,0.63,0.475,0.145,1.0605,0.5165,0.2195,0.28
M,0.63,0.495,0.16,1.093,0.497,0.221,0.315
M,0.635,0.49,0.16,1.101,0.534,0.1865,0.3455
F,0.635,0.5,0.165,1.4595,0.705,0.2645,0.39
F,0.635,0.495,0.175,1.211,0.707,0.2725,0.323
M,0.635,0.475,0.17,1.1935,0.5205,0.2695,0.3665
M,0.635,0.51,0.155,0.986,0.405,0.2255,0.31
M,0.64,0.565,0.23,1.521,0.644,0.372,0.406
M,0.64,0.525,0.18,1.3135,0.4865,0.2995,0.4075
M,0.645,0.51,0.16,1.1835,0.556,0.2385,0.345
M,0.645,0.5,0.195,1.401,0.6165,0.3515,0.3725
M,0.645,0.525,0.16,1.5075,0.7455,0.245,0.4325
F,0.65,0.505,0.165,1.16,0.4785,0.274,0.349
F,0.65,0.59,0.22,1.662,0.77,0.378,0.435
M,0.65,0.525,0.175,1.5365,0.6865,0.3585,0.405
M,0.65,0.51,0.19,1.542,0.7155,0.3735,0.375
F,0.65,0.51,0.17,1.567,0.7245,0.349,0.391
F,0.655,0.525,0.19,1.3595,0.564,0.3215,0.3985
M,0.655,0.535,0.205,1.6445,0.7305,0.3595,0.46
F,0.655,0.52,0.19,1.4545,0.6,0.3865,0.383
M,0.655,0.49,0.175,1.3585,0.6395,0.294,0.365
F,0.66,0.495,0.21,1.548,0.724,0.3525,0.3925
F,0.66,0.515,0.17,1.337,0.615,0.3125,0.3575
F,0.665,0.53,0.18,1.491,0.6345,0.342,0.435
F,0.67,0.53,0.225,1.5615,0.63,0.487,0.3725
F,0.67,0.505,0.175,1.0145,0.4375,0.271,0.3745
M,0.675,0.545,0.185,1.7375,0.876,0.3135,0.469
M,0.685,0.545,0.205,1.7925,0.8145,0.416,0.461
F,0.695,0.565,0.19,1.7635,0.7465,0.399,0.4975
F,0.7,0.545,0.13,1.556,0.6725,0.374,0.195
M,0.705,0.565,0.515,2.21,1.1075,0.4865,0.512
M,0.705,0.555,0.215,2.141,1.0465,0.383,0.528
F,0.705,0.57,0.18,1.5345,0.96,0.4195,0.43
F,0.71,0.55,0.17,1.614,0.743,0.345,0.45
F,0.72,0.575,0.17,1.9335,0.913,0.389,0.51
M,0.72,0.575,0.215,2.173,0.9515,0.564,0.5365
F,0.725,0.6,0.2,1.737,0.697,0.3585,0.595
F,0.73,0.58,0.19,1.7375,0.6785,0.4345,0.52
F,0.735,0.565,0.205,2.1275,0.949,0.46,0.565
F,0.745,0.57,0.215,2.25,1.1565,0.446,0.558
F,0.75,0.61,0.235,2.5085,1.232,0.519,0.612
F,0.815,0.65,0.25,2.255,0.8905,0.42,0.7975
I,0.14,0.105,0.035,0.014,0.0055,0.0025,0.004
I,0.23,0.165,0.06,0.0515,0.019,0.0145,0.036
I,0.365,0.265,0.135,0.2215,0.105,0.047,0.0605
I,0.365,0.255,0.08,0.1985,0.0785,0.0345,0.053
I,0.37,0.27,0.095,0.232,0.1325,0.041,0.0615
I,0.375,0.28,0.085,0.3155,0.187,0.046,0.067
I,0.385,0.3,0.09,0.247,0.1225,0.044,0.0675
I,0.395,0.295,0.09,0.3025,0.143,0.0665,0.0765
I,0.4,0.29,0.11,0.329,0.188,0.0455,0.0825
I,0.4,0.3,0.09,0.2815,0.1185,0.061,0.08
I,0.405,0.31,0.095,0.3425,0.1785,0.064,0.0855
I,0.405,0.29,0.09,0.2825,0.112,0.075,0.0815
I,0.405,0.3,0.105,0.304,0.1455,0.061,0.0805
I,0.41,0.32,0.095,0.2905,0.141,0.063,0.073
M,0.415,0.315,0.115,0.3895,0.2015,0.065,0.103
I,0.425,0.34,0.105,0.389,0.2015,0.0905,0.088
I,0.43,0.34,0.105,0.4405,0.2385,0.0745,0.1075
I,0.44,0.34,0.105,0.369,0.164,0.08,0.1015
M,0.44,0.32,0.12,0.4565,0.2435,0.092,0.1025
I,0.44,0.365,0.11,0.4465,0.213,0.089,0.1135
M,0.45,0.335,0.125,0.4475,0.2165,0.126,0.11
I,0.455,0.335,0.135,0.501,0.274,0.0995,0.1065
I,0.46,0.355,0.11,0.436,0.1975,0.096,0.125
I,0.47,0.345,0.14,0.4615,0.229,0.1105,0.116
I,0.47,0.35,0.125,0.4315,0.19,0.1165,0.1175
I,0.47,0.355,0.12,0.3685,0.126,0.0835,0.1365
M,0.475,0.37,0.125,0.649,0.347,0.136,0.142
I,0.475,0.365,0.115,0.459,0.2175,0.093,0.1165
F,0.475,0.365,0.115,0.566,0.281,0.117,0.1335
I,0.48,0.36,0.125,0.542,0.2795,0.1025,0.147
I,0.485,0.38,0.12,0.4725,0.2075,0.1075,0.147
M,0.485,0.39,0.085,0.6435,0.2945,0.103,0.198
M,0.485,0.37,0.13,0.526,0.2485,0.105,0.1555
F,0.495,0.38,0.12,0.573,0.2655,0.1285,0.144
M,0.505,0.385,0.105,0.5525,0.239,0.1245,0.1555
F,0.505,0.38,0.135,0.6855,0.361,0.1565,0.161
I,0.515,0.395,0.125,0.556,0.2695,0.096,0.17
M,0.515,0.425,0.145,0.9365,0.497,0.181,0.2185
I,0.515,0.4,0.125,0.5625,0.25,0.1245,0.17
M,0.52,0.4,0.125,0.559,0.254,0.139,0.149
M,0.525,0.4,0.14,0.7205,0.3685,0.145,0.1735
I,0.53,0.43,0.13,0.7045,0.346,0.1415,0.189
M,0.53,0.4,0.125,0.7575,0.398,0.151,0.175
F,0.545,0.41,0.14,0.7405,0.3565,0.1775,0.203
F,0.55,0.43,0.14,0.84,0.375,0.218,0.1945
M,0.55,0.425,0.16,0.793,0.343,0.2035,0.215
F,0.56,0.43,0.15,0.8745,0.453,0.161,0.22
F,0.56,0.435,0.15,0.8715,0.4755,0.1835,0.1835
M,0.57,0.445,0.15,0.9875,0.504,0.207,0.249
M,0.575,0.465,0.15,1.08,0.595,0.2065,0.238
M,0.575,0.46,0.165,0.9155,0.4005,0.2465,0.2385
F,0.58,0.46,0.175,1.165,0.65,0.2205,0.3055
F,0.58,0.435,0.14,0.953,0.475,0.2165,0.2095
M,0.585,0.455,0.15,0.906,0.4095,0.23,0.2335
M,0.59,0.44,0.15,0.8725,0.387,0.215,0.245
F,0.59,0.465,0.15,1.151,0.613,0.239,0.2515
F,0.59,0.46,0.145,0.9905,0.453,0.2205,0.275
F,0.595,0.455,0.16,1.04,0.452,0.2655,0.288
M,0.6,0.455,0.155,0.945,0.4365,0.2085,0.25
M,0.6,0.465,0.2,1.259,0.6405,0.1985,0.357
F,0.605,0.485,0.165,0.9515,0.4535,0.193,0.2765
F,0.605,0.485,0.16,1.201,0.417,0.2875,0.38
F,0.605,0.515,0.17,1.289,0.6,0.2945,0.3315
F,0.61,0.485,0.17,1.1005,0.5125,0.229,0.305
I,0.615,0.475,0.13,0.8425,0.353,0.1915,0.251
M,0.62,0.485,0.155,1.049,0.462,0.231,0.25
F,0.62,0.435,0.155,1.012,0.477,0.236,0.275
M,0.62,0.48,0.165,1.0725,0.4815,0.235,0.312
M,0.625,0.52,0.175,1.4105,0.691,0.322,0.3465
M,0.625,0.47,0.18,1.136,0.451,0.3245,0.305
M,0.63,0.47,0.145,1.1005,0.52,0.26,0.276
F,0.63,0.5,0.175,1.1105,0.467,0.268,0.329
M,0.63,0.455,0.15,1.1315,0.481,0.2745,0.305
M,0.63,0.48,0.15,1.271,0.6605,0.2425,0.31
F,0.63,0.49,0.225,1.336,0.6805,0.259,0.3245
F,0.635,0.505,0.145,1.1345,0.505,0.2655,0.315
M,0.635,0.51,0.185,1.308,0.544,0.318,0.377
F,0.64,0.515,0.205,1.5335,0.6635,0.3345,0.4025
F,0.645,0.515,0.175,1.546,0.7035,0.365,0.415
M,0.645,0.51,0.155,1.539,0.6405,0.3585,0.43
F,0.645,0.505,0.165,1.318,0.55,0.3015,0.335
F,0.65,0.545,0.175,1.5245,0.59,0.326,0.495
M,0.65,0.515,0.175,1.466,0.677,0.3045,0.4
F,0.65,0.5,0.16,1.3825,0.702,0.304,0.3195
M,0.65,0.485,0.14,1.175,0.475,0.2435,0.215
F,0.655,0.54,0.215,1.5555,0.695,0.296,0.444
M,0.655,0.51,0.215,1.7835,0.8885,0.4095,0.4195
M,0.66,0.505,0.165,1.374,0.589,0.351,0.345
F,0.665,0.515,0.18,1.389,0.5945,0.324,0.395
M,0.67,0.545,0.2,1.7025,0.833,0.374,0.41
M,0.67,0.51,0.175,1.5265,0.651,0.4475,0.345
M,0.67,0.5,0.19,1.519,0.616,0.388,0.415
F,0.68,0.5,0.185,1.741,0.7665,0.3255,0.4685
M,0.68,0.515,0.17,1.6115,0.8415,0.306,0.395
M,0.69,0.525,0.2,1.7825,0.9165,0.3325,0.461
F,0.7,0.55,0.17,1.684,0.7535,0.3265,0.32
M,0.7,0.555,0.2,1.858,0.73,0.3665,0.595
M,0.705,0.56,0.165,1.675,0.797,0.4095,0.388
M,0.72,0.565,0.2,2.1055,1.017,0.363,0.494
M,0.725,0.575,0.24,2.21,1.351,0.413,0.5015
M,0.74,0.57,0.18,1.8725,0.9115,0.427,0.446
M,0.75,0.55,0.18,1.893,0.942,0.397,0.445
I,0.21,0.17,0.045,0.0475,0.019,0.011,0.013
I,0.285,0.21,0.055,0.101,0.0415,0.017,0.0335
I,0.295,0.215,0.07,0.121,0.047,0.0155,0.0405
I,0.3,0.23,0.085,0.117,0.05,0.0175,0.0415
I,0.305,0.225,0.09,0.1465,0.063,0.034,0.0415
I,0.335,0.255,0.08,0.168,0.079,0.0355,0.05
I,0.35,0.26,0.075,0.18,0.09,0.0245,0.055
I,0.355,0.27,0.075,0.1775,0.079,0.0315,0.054
I,0.355,0.26,0.09,0.1985,0.0715,0.0495,0.058
I,0.36,0.27,0.095,0.2,0.073,0.056,0.061
I,0.36,0.275,0.075,0.2205,0.0985,0.044,0.066
I,0.36,0.265,0.075,0.1845,0.083,0.0365,0.055
I,0.365,0.27,0.085,0.2225,0.0935,0.0525,0.066
I,0.37,0.27,0.095,0.2175,0.097,0.046,0.065
I,0.375,0.28,0.08,0.2165,0.0935,0.0925,0.07
I,0.38,0.285,0.095,0.243,0.0895,0.0665,0.075
I,0.38,0.29,0.1,0.237,0.108,0.0395,0.082
I,0.385,0.29,0.09,0.2365,0.1,0.0505,0.076
I,0.385,0.28,0.095,0.257,0.119,0.059,0.07
I,0.385,0.3,0.09,0.308,0.1525,0.056,0.0835
I,0.39,0.3,0.09,0.252,0.1065,0.053,0.08
I,0.39,0.285,0.1,0.281,0.1275,0.062,0.077
I,0.39,0.29,0.1,0.2225,0.095,0.0465,0.073
I,0.41,0.3,0.09,0.304,0.129,0.071,0.0955
I,0.41,0.3,0.09,0.28,0.141,0.0575,0.075
I,0.415,0.325,0.1,0.313,0.139,0.0625,0.0965
I,0.425,0.325,0.11,0.317,0.135,0.048,0.09
I,0.425,0.315,0.08,0.303,0.131,0.0585,0.095
I,0.435,0.335,0.1,0.3295,0.129,0.07,0.11
I,0.435,0.325,0.11,0.367,0.1595,0.08,0.105
I,0.45,0.34,0.095,0.3245,0.1385,0.064,0.105
I,0.45,0.335,0.11,0.4195,0.181,0.085,0.1345
I,0.455,0.36,0.115,0.457,0.2085,0.0855,0.147
I,0.46,0.35,0.11,0.4,0.176,0.083,0.1205
I,0.46,0.355,0.11,0.4255,0.2015,0.081,0.13
I,0.465,0.37,0.12,0.4365,0.188,0.0815,0.147
I,0.465,0.345,0.11,0.393,0.1825,0.0735,0.12
I,0.47,0.355,0.125,0.499,0.21,0.0985,0.155
I,0.475,0.36,0.145,0.6325,0.2825,0.137,0.19
M,0.475,0.36,0.1,0.4285,0.1965,0.099,0.112
I,0.475,0.36,0.125,0.4905,0.205,0.1305,0.125
I,0.48,0.37,0.125,0.474,0.179,0.1035,0.175
I,0.48,0.37,0.12,0.536,0.251,0.114,0.15
M,0.48,0.355,0.16,0.464,0.221,0.106,0.239
I,0.485,0.375,0.13,0.6025,0.2935,0.1285,0.16
I,0.49,0.375,0.115,0.4615,0.204,0.0945,0.143
I,0.49,0.4,0.135,0.624,0.3035,0.1285,0.169
I,0.495,0.37,0.125,0.4715,0.2075,0.091,0.15
I,0.495,0.4,0.105,0.602,0.2505,0.1265,0.19
I,0.5,0.4,0.12,0.616,0.261,0.143,0.1935
I,0.5,0.39,0.12,0.5955,0.2455,0.147,0.173
I,0.5,0.375,0.14,0.559,0.2375,0.135,0.169
I,0.51,0.395,0.13,0.6025,0.281,0.143,0.162
F,0.515,0.375,0.11,0.6065,0.3005,0.131,0.15
I,0.515,0.36,0.125,0.4725,0.1815,0.125,0.138
I,0.515,0.35,0.105,0.4745,0.213,0.123,0.1275
I,0.515,0.395,0.125,0.6635,0.32,0.14,0.17
I,0.515,0.39,0.125,0.5705,0.238,0.1265,0.185
I,0.52,0.41,0.145,0.646,0.2965,0.1595,0.165
I,0.52,0.39,0.13,0.5545,0.2355,0.1095,0.1895
M,0.525,0.415,0.145,0.845,0.3525,0.1635,0.2875
I,0.525,0.39,0.12,0.664,0.3115,0.147,0.178
I,0.525,0.38,0.135,0.615,0.261,0.159,0.175
I,0.525,0.4,0.14,0.654,0.305,0.16,0.169
M,0.525,0.4,0.155,0.707,0.282,0.1605,0.225
I,0.53,0.42,0.12,0.5965,0.2555,0.141,0.177
I,0.53,0.43,0.135,0.6255,0.245,0.1455,0.2135
I,0.53,0.4,0.145,0.555,0.1935,0.1305,0.195
I,0.53,0.42,0.13,0.8365,0.3745,0.167,0.249
I,0.535,0.4,0.13,0.657,0.2835,0.162,0.175
I,0.54,0.43,0.17,0.836,0.3725,0.1815,0.24
I,0.54,0.425,0.14,0.742,0.32,0.1395,0.25
I,0.54,0.43,0.14,0.8195,0.3935,0.1725,0.2295
M,0.54,0.455,0.14,0.972,0.419,0.255,0.269
I,0.54,0.42,0.14,0.6275,0.2505,0.1175,0.235
I,0.54,0.425,0.13,0.7205,0.2955,0.169,0.225
I,0.54,0.425,0.135,0.686,0.3475,0.1545,0.213
I,0.545,0.4,0.13,0.686,0.3285,0.1455,0.18
I,0.545,0.375,0.12,0.543,0.2375,0.1155,0.1725
I,0.545,0.42,0.125,0.717,0.358,0.112,0.22
M,0.55,0.435,0.14,0.7625,0.327,0.1685,0.259
I,0.55,0.425,0.15,0.639,0.269,0.1345,0.217
I,0.55,0.42,0.135,0.816,0.3995,0.1485,0.23
I,0.55,0.415,0.145,0.7815,0.373,0.16,0.2215
I,0.55,0.425,0.15,0.7665,0.339,0.176,0.21
I,0.555,0.395,0.13,0.5585,0.222,0.1245,0.17
I,0.555,0.435,0.14,0.765,0.3945,0.15,0.206
I,0.555,0.46,0.145,0.9005,0.3845,0.158,0.2765
I,0.56,0.445,0.15,0.8225,0.3685,0.187,0.236
I,0.56,0.44,0.13,0.7235,0.349,0.149,0.2
M,0.56,0.425,0.135,0.849,0.3265,0.221,0.2645
I,0.565,0.42,0.155,0.743,0.31,0.186,0.231
F,0.565,0.44,0.15,0.863,0.435,0.149,0.27
M,0.565,0.44,0.125,0.802,0.3595,0.1825,0.215
M,0.565,0.43,0.15,0.831,0.4245,0.1735,0.219
F,0.57,0.45,0.135,0.7805,0.3345,0.185,0.21
M,0.57,0.45,0.14,0.795,0.3385,0.148,0.245
I,0.57,0.435,0.17,0.848,0.4,0.166,0.25
I,0.57,0.43,0.145,0.833,0.354,0.144,0.2815
I,0.57,0.445,0.155,0.867,0.3705,0.1705,0.28
I,0.57,0.445,0.145,0.7405,0.306,0.172,0.1825
M,0.575,0.455,0.165,0.867,0.3765,0.1805,0.268
I,0.575,0.425,0.135,0.7965,0.364,0.196,0.239
F,0.575,0.47,0.155,1.116,0.509,0.238,0.34
I,0.575,0.45,0.125,0.78,0.3275,0.188,0.235
M,0.575,0.47,0.185,0.985,0.3745,0.2175,0.355
F,0.575,0.465,0.195,0.9965,0.417,0.247,0.47
I,0.575,0.445,0.17,0.8015,0.3475,0.1465,0.25
I,0.575,0.45,0.135,0.807,0.3615,0.176,0.254
F,0.575,0.435,0.15,1.0305,0.4605,0.218,0.36
M,0.575,0.445,0.16,0.839,0.4005,0.198,0.239
M,0.575,0.44,0.16,0.9615,0.483,0.166,0.275
F,0.58,0.435,0.15,0.834,0.428,0.1515,0.23
M,0.58,0.46,0.155,1.0335,0.469,0.2225,0.295
M,0.58,0.43,0.13,0.798,0.365,0.173,0.2285
I,0.58,0.445,0.125,0.7095,0.303,0.1405,0.235
F,0.585,0.445,0.14,0.913,0.4305,0.2205,0.253
M,0.59,0.49,0.165,1.207,0.559,0.235,0.309
I,0.59,0.45,0.145,1.022,0.428,0.268,0.265
I,0.59,0.46,0.145,0.9015,0.419,0.1785,0.26
F,0.595,0.435,0.15,0.9,0.4175,0.17,0.265
M,0.595,0.45,0.14,0.838,0.3965,0.194,0.217
M,0.595,0.45,0.145,0.959,0.463,0.2065,0.2535
I,0.595,0.46,0.15,0.8335,0.377,0.1925,0.235
F,0.6,0.46,0.155,0.9735,0.427,0.2045,0.3
F,0.6,0.475,0.15,1.13,0.575,0.196,0.305
M,0.6,0.48,0.165,0.9165,0.4135,0.1965,0.2725
I,0.6,0.48,0.17,0.9175,0.38,0.2225,0.29
F,0.6,0.48,0.18,1.0645,0.4495,0.2455,0.325
M,0.6,0.47,0.165,1.059,0.504,0.241,0.275
M,0.6,0.47,0.16,1.194,0.5625,0.3045,0.2635
F,0.605,0.455,0.145,0.9775,0.468,0.1775,0.275
M,0.605,0.475,0.145,0.884,0.3835,0.1905,0.27
I,0.605,0.47,0.145,0.8025,0.379,0.2265,0.22
F,0.605,0.48,0.14,0.991,0.4735,0.2345,0.24
F,0.605,0.47,0.155,0.974,0.393,0.224,0.3345
F,0.605,0.505,0.18,1.434,0.7285,0.264,0.431
M,0.61,0.475,0.155,0.983,0.4565,0.228,0.266
F,0.61,0.465,0.16,1.0725,0.4835,0.2515,0.28
F,0.61,0.485,0.15,1.2405,0.6025,0.2915,0.3085
M,0.61,0.47,0.16,1.022,0.449,0.2345,0.2945
F,0.61,0.475,0.16,1.1155,0.3835,0.223,0.379
I,0.61,0.465,0.125,0.9225,0.436,0.19,0.26
M,0.61,0.47,0.17,1.1185,0.5225,0.2405,0.31
F,0.61,0.485,0.18,1.2795,0.5735,0.2855,0.355
M,0.615,0.47,0.16,1.0175,0.473,0.2395,0.28
M,0.615,0.475,0.175,1.224,0.6035,0.261,0.311
I,0.62,0.485,0.18,1.154,0.4935,0.256,0.315
F,0.62,0.515,0.155,1.3255,0.6685,0.2605,0.335
M,0.62,0.515,0.175,1.221,0.535,0.241,0.395
F,0.62,0.54,0.165,1.139,0.4995,0.2435,0.357
I,0.62,0.49,0.16,1.066,0.446,0.246,0.305
F,0.62,0.48,0.18,1.2215,0.582,0.2695,0.313
I,0.62,0.47,0.14,0.8565,0.3595,0.16,0.295
I,0.62,0.45,0.135,0.924,0.358,0.2265,0.2965
M,0.62,0.48,0.15,1.266,0.6285,0.2575,0.309
F,0.62,0.48,0.175,1.0405,0.464,0.2225,0.3
M,0.625,0.49,0.165,1.1165,0.4895,0.2615,0.3325
M,0.625,0.475,0.16,1.0845,0.5005,0.2355,0.3105
M,0.625,0.5,0.17,1.0985,0.4645,0.22,0.354
I,0.625,0.47,0.155,1.1955,0.643,0.2055,0.3145
F,0.625,0.485,0.175,1.362,0.6765,0.2615,0.3705
I,0.625,0.485,0.15,1.044,0.438,0.2865,0.278
M,0.63,0.505,0.17,1.0915,0.4615,0.266,0.3
F,0.63,0.5,0.18,1.1965,0.514,0.2325,0.3995
M,0.63,0.49,0.17,1.1745,0.5255,0.273,0.339
M,0.63,0.485,0.165,1.233,0.6565,0.2315,0.3035
M,0.63,0.495,0.175,1.2695,0.605,0.271,0.328
I,0.635,0.5,0.165,1.489,0.715,0.3445,0.3615
M,0.635,0.5,0.17,1.4345,0.611,0.309,0.418
F,0.635,0.49,0.175,1.2435,0.5805,0.313,0.305
F,0.635,0.49,0.17,1.2615,0.5385,0.2665,0.38
F,0.64,0.505,0.165,1.2235,0.5215,0.2695,0.36
M,0.64,0.515,0.18,1.247,0.5475,0.2925,0.3685
M,0.64,0.525,0.185,1.707,0.763,0.4205,0.4435
M,0.645,0.505,0.15,1.1605,0.519,0.2615,0.335
M,0.645,0.5,0.175,1.286,0.5645,0.288,0.386
M,0.645,0.5,0.19,1.5595,0.741,0.3715,0.3845
M,0.645,0.51,0.19,1.4745,0.605,0.345,0.48
M,0.645,0.51,0.195,1.226,0.5885,0.2215,0.3745
M,0.645,0.51,0.16,1.33,0.6665,0.309,0.317
F,0.645,0.51,0.16,1.2415,0.5815,0.276,0.315
M,0.645,0.5,0.175,1.3375,0.554,0.308,0.415
F,0.645,0.51,0.19,1.363,0.573,0.362,0.36
M,0.645,0.485,0.15,1.2215,0.5695,0.2735,0.33
F,0.645,0.48,0.19,1.371,0.6925,0.2905,0.35
F,0.65,0.495,0.155,1.337,0.615,0.3195,0.335
M,0.65,0.505,0.19,1.274,0.59,0.23,0.391
M,0.65,0.525,0.185,1.488,0.665,0.337,0.378
M,0.65,0.51,0.16,1.3835,0.6385,0.2905,0.3665
M,0.655,0.55,0.18,1.274,0.586,0.281,0.365
F,0.655,0.51,0.15,1.043,0.4795,0.223,0.305
F,0.655,0.505,0.19,1.3485,0.5935,0.2745,0.425
F,0.655,0.505,0.195,1.4405,0.688,0.3805,0.363
M,0.66,0.5,0.165,1.3195,0.667,0.269,0.341
F,0.66,0.535,0.175,1.5175,0.711,0.3125,0.415
M,0.66,0.53,0.195,1.5505,0.6505,0.3295,0.495
M,0.66,0.51,0.165,1.6375,0.7685,0.3545,0.3925
M,0.665,0.525,0.175,1.443,0.6635,0.3845,0.353
M,0.665,0.505,0.16,1.289,0.6145,0.253,0.3665
F,0.665,0.505,0.16,1.2915,0.631,0.2925,0.32
M,0.665,0.52,0.175,1.3725,0.606,0.32,0.395
M,0.665,0.5,0.175,1.2975,0.6075,0.314,0.315
M,0.67,0.505,0.16,1.2585,0.6255,0.311,0.308
M,0.67,0.52,0.165,1.39,0.711,0.2865,0.3
F,0.67,0.52,0.19,1.32,0.5235,0.3095,0.4275
F,0.67,0.55,0.155,1.566,0.858,0.339,0.354
F,0.67,0.54,0.195,1.619,0.74,0.3305,0.465
M,0.675,0.525,0.16,1.2835,0.572,0.2755,0.3545
F,0.675,0.51,0.195,1.382,0.6045,0.3175,0.3965
M,0.68,0.52,0.195,1.4535,0.592,0.391,0.4125
F,0.68,0.51,0.2,1.6075,0.714,0.339,0.4705
M,0.685,0.52,0.15,1.3735,0.7185,0.293,0.32
F,0.685,0.565,0.175,1.638,0.7775,0.375,0.438
F,0.69,0.55,0.2,1.569,0.687,0.3675,0.46
M,0.7,0.565,0.175,1.8565,0.8445,0.3935,0.54
F,0.7,0.535,0.175,1.773,0.6805,0.48,0.512
F,0.705,0.545,0.17,1.58,0.6435,0.4565,0.265
M,0.71,0.575,0.215,2.009,0.9895,0.4475,0.502
F,0.71,0.57,0.195,1.9805,0.9925,0.4925,0.48
F,0.71,0.54,0.205,1.5805,0.802,0.287,0.435
M,0.71,0.56,0.22,2.015,0.9215,0.454,0.566
M,0.72,0.57,0.2,1.8275,0.919,0.366,0.485
M,0.72,0.55,0.205,2.125,1.1455,0.4425,0.511
F,0.72,0.525,0.18,1.445,0.631,0.3215,0.435
F,0.725,0.565,0.21,2.1425,1.03,0.487,0.503
F,0.73,0.56,0.19,1.9425,0.799,0.5195,0.5655
M,0.735,0.59,0.215,1.747,0.7275,0.403,0.557
F,0.74,0.565,0.205,2.119,0.9655,0.5185,0.482
F,0.75,0.565,0.215,1.938,0.7735,0.4825,0.575
M,0.75,0.595,0.205,2.2205,1.083,0.421,0.63
M,0.77,0.62,0.195,2.5155,1.1155,0.6415,0.642
M,0.775,0.63,0.25,2.7795,1.3485,0.76,0.578
I,0.275,0.175,0.09,0.2315,0.096,0.057,0.0705
I,0.375,0.245,0.1,0.394,0.166,0.091,0.1125
F,0.375,0.27,0.135,0.597,0.272,0.131,0.1675
M,0.39,0.28,0.125,0.564,0.3035,0.0955,0.143
I,0.435,0.3,0.12,0.5965,0.259,0.139,0.1645
M,0.445,0.32,0.12,0.414,0.199,0.09,0.117
I,0.455,0.335,0.105,0.422,0.229,0.0865,0.1
I,0.455,0.325,0.135,0.82,0.4005,0.1715,0.211
I,0.455,0.345,0.11,0.434,0.207,0.0855,0.1215
I,0.465,0.325,0.14,0.7615,0.362,0.1535,0.209
M,0.465,0.36,0.115,0.5795,0.295,0.1395,0.12
I,0.485,0.365,0.105,0.5205,0.195,0.123,0.182
M,0.485,0.37,0.155,0.968,0.419,0.2455,0.2365
I,0.485,0.345,0.16,0.869,0.3085,0.185,0.319
F,0.49,0.355,0.16,0.8795,0.3485,0.215,0.2825
M,0.5,0.37,0.15,1.0615,0.494,0.223,0.296
M,0.515,0.35,0.155,0.9225,0.4185,0.198,0.273
M,0.515,0.395,0.135,1.007,0.472,0.2495,0.252
M,0.525,0.365,0.17,0.9605,0.438,0.2225,0.276
M,0.525,0.38,0.125,0.65,0.303,0.155,0.159
M,0.53,0.41,0.14,0.7545,0.3495,0.1715,0.2105
F,0.535,0.425,0.135,0.771,0.3765,0.1815,0.1795
I,0.535,0.385,0.18,1.0835,0.4955,0.2295,0.304
I,0.545,0.42,0.165,0.8935,0.4235,0.2195,0.228
F,0.545,0.415,0.2,1.358,0.567,0.318,0.403
F,0.545,0.385,0.15,1.1185,0.5425,0.2445,0.2845
F,0.55,0.38,0.165,1.205,0.543,0.294,0.3345
M,0.55,0.42,0.16,1.3405,0.6325,0.311,0.344
M,0.57,0.455,0.175,1.02,0.4805,0.2145,0.29
M,0.575,0.44,0.185,1.025,0.5075,0.2245,0.2485
I,0.575,0.45,0.13,0.8145,0.403,0.1715,0.213
F,0.58,0.43,0.17,1.48,0.6535,0.324,0.4155
M,0.585,0.455,0.145,0.953,0.3945,0.2685,0.258
I,0.585,0.45,0.15,0.8915,0.3975,0.2035,0.253
M,0.6,0.495,0.175,1.3005,0.6195,0.284,0.3285
M,0.6,0.465,0.165,1.038,0.4975,0.2205,0.251
M,0.605,0.475,0.175,1.2525,0.5575,0.3055,0.343
M,0.605,0.475,0.15,1.15,0.575,0.232,0.297
F,0.61,0.475,0.15,1.1135,0.5195,0.2575,0.3005
F,0.615,0.455,0.145,1.1155,0.5045,0.238,0.315
M,0.62,0.47,0.145,1.0865,0.511,0.2715,0.2565
M,0.625,0.495,0.175,1.254,0.5815,0.286,0.3185
M,0.625,0.49,0.185,1.169,0.5275,0.2535,0.344
M,0.635,0.495,0.195,1.172,0.445,0.3115,0.3475
F,0.635,0.475,0.15,1.1845,0.533,0.307,0.291
F,0.64,0.475,0.14,1.0725,0.4895,0.2295,0.31
M,0.645,0.5,0.16,1.3815,0.672,0.326,0.315
M,0.65,0.525,0.19,1.6125,0.777,0.3685,0.3965
M,0.65,0.485,0.16,1.7395,0.5715,0.2785,0.3075
F,0.655,0.52,0.2,1.5475,0.713,0.314,0.466
M,0.655,0.545,0.19,1.4245,0.6325,0.333,0.378
F,0.665,0.515,0.185,1.3405,0.5595,0.293,0.4375
F,0.675,0.53,0.175,1.4465,0.6775,0.33,0.389
F,0.685,0.535,0.175,1.5845,0.7175,0.3775,0.4215
F,0.695,0.55,0.185,1.679,0.805,0.4015,0.3965
M,0.695,0.53,0.19,1.726,0.7625,0.436,0.455
F,0.705,0.545,0.18,1.5395,0.6075,0.3675,0.4645
F,0.72,0.55,0.195,2.073,1.0715,0.4265,0.5015
M,0.72,0.56,0.18,1.5865,0.691,0.375,0.4425
M,0.73,0.575,0.21,2.069,0.9285,0.409,0.643
I,0.185,0.135,0.04,0.027,0.0105,0.0055,0.009
I,0.24,0.18,0.055,0.0555,0.0235,0.013,0.018
I,0.31,0.215,0.075,0.1275,0.0565,0.0275,0.036
I,0.34,0.26,0.085,0.1885,0.0815,0.0335,0.06
I,0.35,0.265,0.08,0.2,0.09,0.042,0.06
I,0.365,0.27,0.085,0.197,0.0815,0.0325,0.065
I,0.365,0.275,0.085,0.223,0.098,0.0375,0.075
I,0.365,0.27,0.075,0.2215,0.095,0.0445,0.07
I,0.39,0.31,0.105,0.2665,0.1185,0.0525,0.081
I,0.405,0.3,0.09,0.269,0.103,0.067,0.11
I,0.41,0.315,0.095,0.2805,0.114,0.0345,0.11
I,0.41,0.335,0.105,0.3305,0.1405,0.064,0.105
I,0.415,0.31,0.09,0.2815,0.1245,0.0615,0.085
I,0.415,0.31,0.1,0.2805,0.114,0.0565,0.0975
I,0.415,0.31,0.095,0.311,0.1125,0.0625,0.115
I,0.42,0.325,0.1,0.368,0.1675,0.0625,0.1135
I,0.43,0.34,0.1,0.3405,0.1395,0.0665,0.12
I,0.435,0.335,0.1,0.3245,0.135,0.0785,0.098
I,0.435,0.33,0.11,0.38,0.1515,0.0945,0.11
I,0.435,0.33,0.105,0.335,0.156,0.0555,0.105
I,0.435,0.345,0.12,0.3215,0.13,0.056,0.1185
I,0.445,0.33,0.11,0.358,0.1525,0.067,0.1185
I,0.465,0.37,0.11,0.445,0.1635,0.096,0.166
I,0.47,0.375,0.12,0.487,0.196,0.099,0.135
I,0.475,0.34,0.105,0.4535,0.203,0.08,0.1465
I,0.485,0.385,0.13,0.568,0.2505,0.178,0.154
I,0.485,0.36,0.12,0.5155,0.2465,0.1025,0.147
I,0.485,0.37,0.115,0.457,0.1885,0.0965,0.15
I,0.495,0.38,0.135,0.5095,0.2065,0.1165,0.165
I,0.495,0.38,0.145,0.5,0.205,0.148,0.1505
I,0.495,0.375,0.14,0.494,0.181,0.0975,0.191
I,0.5,0.38,0.11,0.5605,0.28,0.106,0.15
I,0.505,0.405,0.13,0.599,0.2245,0.1175,0.225
I,0.505,0.4,0.145,0.7045,0.334,0.1425,0.207
F,0.51,0.4,0.12,0.7005,0.347,0.1105,0.195
I,0.515,0.415,0.135,0.7125,0.285,0.152,0.245
I,0.515,0.42,0.15,0.6725,0.2555,0.1335,0.235
M,0.515,0.385,0.11,0.5785,0.253,0.16,0.14
I,0.52,0.41,0.11,0.5185,0.2165,0.0915,0.184
I,0.52,0.415,0.14,0.6375,0.308,0.1335,0.168
I,0.52,0.395,0.125,0.5805,0.2445,0.146,0.165
I,0.52,0.38,0.115,0.6645,0.3285,0.17,0.1425
I,0.52,0.385,0.115,0.581,0.2555,0.156,0.143
I,0.525,0.415,0.12,0.596,0.2805,0.12,0.1695
I,0.525,0.405,0.145,0.6965,0.3045,0.1535,0.21
I,0.525,0.4,0.145,0.6095,0.248,0.159,0.175
I,0.53,0.43,0.14,0.677,0.298,0.0965,0.23
I,0.53,0.43,0.16,0.7245,0.321,0.1275,0.24
I,0.53,0.395,0.13,0.575,0.247,0.115,0.183
I,0.53,0.405,0.12,0.632,0.2715,0.148,0.1875
I,0.535,0.455,0.14,1.0015,0.53,0.1765,0.244
F,0.54,0.425,0.16,0.9455,0.3675,0.2005,0.295
I,0.54,0.395,0.135,0.6555,0.2705,0.155,0.192
I,0.54,0.39,0.125,0.6255,0.2525,0.158,0.19
I,0.545,0.425,0.14,0.8145,0.305,0.231,0.244
I,0.545,0.43,0.14,0.687,0.2615,0.1405,0.25
I,0.55,0.435,0.14,0.7995,0.295,0.1905,0.238
I,0.55,0.45,0.13,0.804,0.3375,0.1405,0.23
M,0.555,0.435,0.14,0.7495,0.341,0.1645,0.214
M,0.555,0.41,0.125,0.599,0.2345,0.1465,0.194
M,0.555,0.4,0.13,0.7075,0.332,0.1585,0.18
I,0.555,0.45,0.175,0.738,0.304,0.1755,0.22
M,0.555,0.455,0.135,0.837,0.382,0.171,0.235
I,0.56,0.445,0.165,0.832,0.3455,0.179,0.279
F,0.565,0.445,0.125,0.8305,0.3135,0.1785,0.23
M,0.565,0.415,0.125,0.667,0.302,0.1545,0.185
M,0.565,0.455,0.155,0.9355,0.421,0.183,0.26
I,0.565,0.435,0.145,0.8445,0.3975,0.158,0.255
M,0.565,0.45,0.16,0.895,0.415,0.195,0.246
I,0.565,0.46,0.155,0.8715,0.3755,0.215,0.25
M,0.57,0.46,0.155,1.0005,0.454,0.205,0.265
M,0.57,0.455,0.155,0.832,0.3585,0.174,0.277
M,0.57,0.44,0.175,0.9415,0.3805,0.2285,0.283
M,0.57,0.415,0.13,0.88,0.4275,0.1955,0.238
F,0.57,0.44,0.12,0.803,0.382,0.1525,0.234
M,0.575,0.45,0.13,0.785,0.318,0.193,0.2265
M,0.575,0.45,0.155,0.9765,0.495,0.2145,0.235
M,0.575,0.435,0.135,0.992,0.432,0.2225,0.239
M,0.575,0.455,0.155,1.013,0.4685,0.2085,0.295
M,0.575,0.445,0.145,0.876,0.3795,0.1615,0.27
F,0.575,0.465,0.175,1.099,0.4735,0.202,0.35
I,0.575,0.45,0.135,0.8715,0.45,0.162,0.225
I,0.575,0.45,0.135,0.8245,0.3375,0.2115,0.239
F,0.575,0.43,0.155,0.7955,0.3485,0.1925,0.22
M,0.575,0.475,0.145,0.857,0.3665,0.173,0.269
F,0.58,0.45,0.195,0.8265,0.4035,0.173,0.225
F,0.58,0.5,0.165,0.925,0.37,0.185,0.3005
M,0.58,0.44,0.15,1.0465,0.518,0.2185,0.2795
I,0.58,0.44,0.145,0.7905,0.3525,0.1645,0.242
M,0.58,0.44,0.16,0.8295,0.3365,0.2005,0.2485
M,0.595,0.455,0.15,0.886,0.4315,0.201,0.223
F,0.6,0.47,0.135,0.97,0.4655,0.1955,0.264
M,0.6,0.46,0.17,1.1805,0.456,0.337,0.329
M,0.6,0.475,0.15,0.99,0.386,0.2195,0.3105
F,0.6,0.465,0.16,1.133,0.466,0.2885,0.298
I,0.605,0.49,0.165,1.071,0.482,0.1935,0.352
F,0.605,0.455,0.145,0.862,0.334,0.1985,0.3
M,0.605,0.47,0.18,1.1155,0.479,0.2565,0.321
M,0.61,0.48,0.14,1.031,0.4375,0.2615,0.27
F,0.61,0.46,0.145,1.1185,0.478,0.2945,0.2985
F,0.61,0.46,0.155,0.957,0.4255,0.1975,0.265
F,0.61,0.47,0.165,1.1785,0.566,0.2785,0.294
M,0.615,0.47,0.145,1.0285,0.4435,0.2825,0.285
M,0.615,0.47,0.15,1.0875,0.4975,0.283,0.2685
F,0.615,0.495,0.16,1.255,0.5815,0.3195,0.3225
M,0.615,0.495,0.2,1.219,0.564,0.227,0.3885
M,0.62,0.49,0.16,1.035,0.44,0.2525,0.285
M,0.62,0.49,0.15,1.195,0.4605,0.302,0.355
F,0.62,0.495,0.17,1.062,0.372,0.213,0.34
M,0.62,0.495,0.195,1.5145,0.579,0.346,0.5195
M,0.62,0.47,0.15,1.309,0.587,0.4405,0.325
M,0.62,0.485,0.155,1.0295,0.425,0.2315,0.335
M,0.625,0.495,0.155,1.0485,0.487,0.212,0.3215
M,0.625,0.515,0.17,1.331,0.5725,0.3005,0.361
M,0.625,0.505,0.185,1.1565,0.52,0.2405,0.3535
F,0.625,0.445,0.16,1.09,0.46,0.2965,0.304
F,0.625,0.52,0.18,1.354,0.4845,0.351,0.375
F,0.625,0.47,0.145,0.984,0.475,0.2,0.265
M,0.63,0.49,0.155,1.2525,0.63,0.246,0.289
F,0.635,0.485,0.165,1.2695,0.5635,0.3065,0.3395
F,0.635,0.52,0.165,1.3405,0.5065,0.296,0.412
F,0.635,0.505,0.155,1.2895,0.594,0.314,0.345
M,0.635,0.525,0.16,1.195,0.5435,0.246,0.335
M,0.635,0.5,0.165,1.273,0.6535,0.213,0.365
M,0.635,0.515,0.165,1.229,0.5055,0.2975,0.3535
M,0.64,0.53,0.165,1.1895,0.4765,0.3,0.35
F,0.64,0.48,0.145,1.1145,0.508,0.24,0.34
F,0.64,0.515,0.165,1.3115,0.4945,0.2555,0.41
I,0.64,0.49,0.135,1.1,0.488,0.2505,0.2925
M,0.64,0.49,0.155,1.1285,0.477,0.269,0.34
F,0.64,0.485,0.185,1.4195,0.6735,0.3465,0.3255
F,0.645,0.51,0.18,1.6195,0.7815,0.322,0.4675
M,0.645,0.49,0.175,1.32,0.6525,0.2375,0.3385
F,0.645,0.52,0.21,1.5535,0.616,0.3655,0.474
I,0.65,0.52,0.15,1.238,0.5495,0.296,0.3305
F,0.65,0.51,0.155,1.189,0.483,0.278,0.3645
F,0.65,0.51,0.185,1.375,0.531,0.384,0.3985
F,0.655,0.515,0.18,1.412,0.6195,0.2485,0.497
F,0.655,0.525,0.175,1.348,0.5855,0.2605,0.394
M,0.655,0.52,0.17,1.1445,0.53,0.223,0.348
F,0.66,0.535,0.205,1.4415,0.5925,0.2775,0.49
M,0.66,0.51,0.175,1.218,0.5055,0.303,0.37
F,0.665,0.5,0.15,1.2475,0.4625,0.2955,0.3595
M,0.665,0.515,0.2,1.2695,0.5115,0.2675,0.436
M,0.665,0.525,0.18,1.429,0.6715,0.29,0.4
F,0.67,0.53,0.205,1.4015,0.643,0.2465,0.416
M,0.675,0.515,0.15,1.312,0.556,0.2845,0.4115
F,0.675,0.51,0.185,1.473,0.6295,0.3025,0.4245
M,0.68,0.54,0.19,1.623,0.7165,0.354,0.4715
M,0.68,0.54,0.155,1.534,0.671,0.379,0.384
M,0.685,0.535,0.155,1.3845,0.6615,0.2145,0.4075
M,0.69,0.55,0.18,1.6915,0.6655,0.402,0.5
M,0.695,0.545,0.185,1.5715,0.6645,0.3835,0.4505
F,0.7,0.575,0.205,1.773,0.605,0.447,0.538
M,0.7,0.55,0.175,1.4405,0.6565,0.2985,0.375
M,0.7,0.55,0.195,1.6245,0.675,0.347,0.535
F,0.705,0.535,0.22,1.866,0.929,0.3835,0.4395
F,0.72,0.575,0.18,1.6705,0.732,0.3605,0.501
M,0.72,0.565,0.19,2.081,1.0815,0.4305,0.503
F,0.725,0.57,0.205,1.6195,0.744,0.315,0.488
F,0.75,0.55,0.195,1.8325,0.83,0.366,0.44
M,0.76,0.605,0.215,2.173,0.801,0.4915,0.646
I,0.135,0.13,0.04,0.029,0.0125,0.0065,0.008
I,0.16,0.11,0.025,0.0195,0.0075,0.005,0.006
I,0.21,0.15,0.055,0.0465,0.017,0.012,0.015
I,0.28,0.21,0.075,0.1195,0.053,0.0265,0.03
I,0.28,0.2,0.065,0.0895,0.036,0.0185,0.03
I,0.285,0.215,0.06,0.0935,0.031,0.023,0.03
I,0.29,0.21,0.07,0.1115,0.048,0.0205,0.03
I,0.29,0.21,0.06,0.1195,0.056,0.0235,0.03
I,0.29,0.21,0.065,0.097,0.0375,0.022,0.03
I,0.32,0.24,0.07,0.133,0.0585,0.0255,0.041
I,0.325,0.25,0.07,0.1745,0.0875,0.0355,0.04
I,0.335,0.25,0.08,0.1695,0.0695,0.044,0.0495
